Offset: -0.0583628  0.0297918   0.347899
Scale: 1.03564 1.03583 1.03056
